70.83394736545156
QTHY
75.41016739333918
90.9613408042049
36.97789384303539
51.147710382592734
99.67262440408562
68.36573448059353
HXHY
65.59357602354325
86.49470635154454
58.55323798079336
32.03787443337999
99.1492776137065
65.84137861629634
JJHY
65.46043599195613
91.12570286073031
41.69988224488301
41.074274457768844
89.84659752614341
63.22491424918129
YLQX
64.9311843426291
94.08144521761761
27.249573000401632
35.481494151473484
94.38087453378468
62.903754766444685
FZJX
64.68835650625037
77.71360010202416
42.74010421144812
46.49578197740205
82.8809310350987
62.47953063881041
DLHY
60.94916059369669
70.32061791119757
59.229553501764464
23.26261101741055
98.63571016998281
62.321656144557494
BLHY
62.604251657717995
85.29089751321425
38.50462823641918
31.15704445406217
94.05145886137385
62.31559670394161
DZQJ
65.54445620882902
83.26978505905925
31.67482983416173
39.63521532930246
91.45369708835558
62.03085452682611
JXHY
63.90603446493362
79.79145135583013
38.64471788349964
36.07174689423061
91.74032203563654
61.964015409891964
QCZZ
63.98884880552838
75.86746924323705
41.986061389637676
37.19219996961157
90.78549764144512
61.57234904546372
SPHY
62.43001066257941
82.27290601478644
38.298807224793926
36.100030787587805
88.759990537571
61.42166089420535
DQHY
64.84520947630332
82.32095122757273
30.251724814544037
43.163231369676346
86.52718758293032
61.39441711611014
YSJS
63.572356566396785
75.76671358809564
40.48830229326465
35.51387729472017
91.63083583807344
61.09558490296409
SLZP
63.46039684738385
87.0898762040288
28.006857768640142
36.63872275946263
90.28207093530503
61.082525505902574
DZXX
65.04177658245493
83.12316594439064
27.164131837757395
43.93882655962719
86.1447266052827
61.01826464802319
ZZHY
63.37388994164925
72.82788767125459
42.141765743913616
31.249096917905504
95.49868296539302
60.875176428550745
JRHY
58.26814755411131
57.8918749017649
71.67956457865488
19.420880778430423
97.11541432979222
60.395793243029345
FJZZ
65.1913591698864
90.18033632080375
16.22455238468376
31.060341977431534
99.3223763623413
60.23175258298171
FDSB
62.30555577218183
77.38055401295152
36.86154158541151
33.11039292164145
91.50071862272225
60.11896054566186
YQYB
61.69723753960684
84.859501013238
30.643589096250732
36.938979794492425
86.45549528472128
60.07268953741192
CMYL
60.29389708274369
76.98698854069798
42.49476789813047
27.83975852553254
92.74803563995489
60.02890246678443
HGHY
60.655627032931704
77.42841715407405
40.74921408105298
33.025503841956755
88.28575022390667
59.774594167758416
SNHY
60.42647583457879
60.59124591034902
57.00229742470673
30.51925158802254
90.33370008113502
59.66431293602496
FDC
58.945214947523056
72.20473528406053
49.281184553495116
26.691177411361686
91.19925248368443
59.40399698001975
GTHY
60.02525814224399
63.669609401379
53.27460107198768
27.422842583986597
92.62767370050145
59.39903559376675
SYHY
61.27925217817727
70.25686951982051
42.90055191448141
29.213894799406646
93.34460955694787
59.35709898905975
SWZY
57.52079490562274
85.37087388187423
38.852236346556325
26.268296648680828
88.77329316256464
59.32568167577483
JTYS
59.696159424712675
71.90396894249442
45.63596116224169
26.25716607763566
93.1351527717897
59.16493285758516
FZHY
59.80744953717424
74.80623214961946
41.596083526783616
33.77150675295229
85.84339232139618
59.10548418356605
JDHY
56.82738276674691
75.26772447771955
49.777548139869914
25.60256512545584
88.05220040803798
58.781675915154096
NYHF
57.72614147933769
69.84554696509186
50.88440817266551
27.220953699005864
88.23132925966955
58.747724289633155
WZWM
58.62207572113227
66.00394078253389
51.8684535022351
30.38916594564735
86.85498549661716
58.43679389131248
NLMY
58.06023843565212
77.1901536328348
40.813100516771264
31.70653743583772
84.4139394354665
58.04441355679063
GSGQ
58.703636497640815
73.83508242647665
40.27607586455407
26.12990490971951
91.27736808556212
57.88499964805286
FZXL
56.469919562543524
76.93977542493144
43.07546412770228
29.187048468006054
83.75279065708101
57.30437742333854
HBHY
56.50076628817669
80.95396246843708
36.06562578372557
27.942800630915055
85.05873194543831
57.23988566919867
GLQL
56.39446014829851
56.78090669828917
60.235141202808606
13.837441008260024
98.95147928833701
56.49431960560298
JDLY
57.094222516291104
80.08516447689539
31.103766002246207
28.938533375158922
85.24991165742331
56.26923544015203
JZJC
57.45437010380519
68.13860762454635
40.84445926479819
27.923324250084377
86.98541595752604
56.232828764035105
ZHHY
59.12834004037006
69.96187067771281
33.8172530213526
32.307786095154086
85.948893985586
56.20714404510666
SYBH
56.48968467819333
73.77542928854974
37.791236902403625
25.760571784086647
87.21879757229993
53.83473054892106
NJHY
51.97235069330948
76.42479205706597
36.83180860761096
18.52845770182549
85.41624368479344
53.30760994553773
YSBZ
55.176227691318275
72.03916794695486
28.970198706778966
30.819294722134128
79.53316066050243
51.4761622303357
CBZZ
55.89161265734725
73.67119849421137
16.034774685425425
25.433282858604368
86.34994245609013
48.957095926543765
MTHY
47.86279162225372
41.289775125654124
59.90732964030356
15.964743374711816
79.7608398697956
48.42738375228562
TCHY
43.83208005615243
65.62250784944484
45.01817074352599
24.954771485920805
62.70938862638406
47.709677690138484
KFQ
42.87565097692925
61.11267175827514
48.80876376162952
17.171080541978384
68.58022141188013
41.096033486944734
MTC
42.04407789086067
58.048762482384326
21.299171279757353
18.575940560720706
65.51221522100063
